Mini-batch Input IDs
tensor([[  101,  5342,  2047,  3595,  8496,  2013,  1996, 18643,  3197,   102,
             0,     0],
        [  101,  3397,  2053, 15966,  1010,  2069,  4450,  2098, 18201,  2015,
           102,     0],
        [  101,  2008,  7459,  2049,  3494,  1998, 10639,  2015,  2242,  2738,
          3376,   102],
        [  101,  1037,  3274,  1011,  7013, 14785,  2135,  6579,  3185,   102,
             0,     0]])

Attention Mask
tensor([[1, 1, 1, 1, 1, 1, 1, 1, 1, 1, 0, 0],
        [1, 1, 1, 1, 1, 1, 1, 1, 1, 1, 1, 0],
        [1, 1, 1, 1, 1, 1, 1, 1, 1, 1, 1, 1],
        [1, 1, 1, 1, 1, 1, 1, 1, 1, 1, 0, 0]])

Labels
tensor([0, 0, 1, 0])
